1560607
1841376
1304060
1405801
5748011
6123110
1115348
6167478
1658265
5163059
5676921
1261178
1800402
1674897
1792729
1167213
1246082
1747380
5413525
6174599
1161269
5630336
5562294
1064604
5636235
1393915
1348301
1224123
5202097
1355087
1347455
1375049
1421375
1220336
1273364
1319416
5262853
5365734
1265182
1356740
1880673
5278630
1223723
1239215
1246057
1285813
1015877
1502247
1689263
6162025
1650856
1223147
1330366
1439384
6154778
1285610
5407326
1183606
1789084
1365044
5828830
1381618
1506787
5474891
5369478
1790684
1382637
1452042
5154486
1433522
1826106
5302465
1888061
1176334
1919528
5183241
1801243
1335957
5440418
5726318
5734285
1851863
1215138
5162770
1380996
5614623
1924615
1207498
1773631
1850879
5610989
5276595
1803066
5787086
1554388
1585683
1006003