122432
121823
281378
169732
115729
141637
118388
345889
428371
382177
126673
194273
142197
166457
404437
137266
239384
195617
219242
158789
123278
380045
127205
391103
123612
119829
122846
116056
359250
121181
119951
178489
127480
326597
145522
190121
116614
233605
169267
119768
105630
284395
248587
121742
407340
122372
193155
394101
231019
119726
270680
115921
121707
286123
398456
121808
372906
427010
299520
404473
119908
328745
122008
134396
123493
345629
121825
194918
121301
430383
125712
119727
225852
442387
121496
121358
119666
270188
416481
247246
121216
121355
121726
357249
365592
119860
380486
127606
118466
122126
391211
103440
414832
121493
121715
121850
145306
121611
284197
267441
249616
195204
116902
121870
336407
170542
410851
386542
286874
122530
121244
273104
122658
164605
128964
299326
339043
276799
372938
116601
287462
165771
120583
456454
383025
354827
120359
257940
194197
325084
384206
345843
247117
181615
416789
122448
277451
308249
122540
331474
117576
308119
121868
118128
270217
121284
116776
325680
317827
285134
120981
341459
121460
270037
455769
219875
122239
454229
432017
409165
327543
127657
176371
335825
119875
121407
127725
208348
116014
143652
136444
121853
287196
210458
127582
444939
379664
121822
437279
118011
411718
120770
320482
107002
127298
121679
178865
340439
107651
116699
121593
171606
123354
204484
116834
233080
119757
343666
318215
367122
311749
183659
121543
121316
326966
309842
116160
317660
377126
123351
413946
121213
210783
122588
121156
408585
122937
116180
308194
116184
122237
123401
122464
184292
122702
121473
127350
341151
396751
368067
384508
310742
449610
313179
116838
128086
414886
345414
122345
453812
196726
133864
441224
204161
210476
200293
233608
157667
218042
321073
122503
321691
115852
127311
314239
350420
239018
100901
270415
121008
222540
361804
121092
255049
122840
253011
159272
118273
118455
416584
124893
128062
315335
365963
204610
252703
190292
254828
353580
141276
381381
122375
305555
118442
302157
398666
353185
232950
315265
356301
121138
278710
136759
190170
237304
123250
121289
400079
218450
364801
116124
208147
120930
442369
122941
224890
128114
114328
118371
398784
161022
122660
303186
122637
121816
142466
370919
444615
307473
122680
230230
382658
424020
285993
338777
122961
121300
121924
175832
121983
122649
409624
418889
301633
193158
121585
121590
127253
451399
210762
121733
116019
121076
253184
258361
127723
413516
270555
128601
123442
123346
122612
196532
122803
386234
314413
399323
356223
330186
319495
145627
121017
338818
407648
183815
348343
119205
121812
257724
374942
238839
345555
333269
354131
162989
407886
360287
457305
456920
121378
108661
202240
384983
340922
309357
127904
107053
458203
119709
390458
172977
119065
116929
283826
121701
319560
121393
117324
278997
376335
115745
122301
426289
394046
454329
321569
450961
116917
147774
213156
121608
119567
119851
116670
121569
123492
281762
109240
339414
121240
318476
122467
406138
122564
123246
122731
117671
445140
205762
121877
289351
238264
119685
451531
118446
236592
122110
115802
118304
127483
117828
119555
123746
120203
396731
415302
349948
121379
121309
123345
283506
456511
117661
117085
398015
366834
120137
122661
248898
122217
192606
128051
411183
326940
201235
295855
410422
129247
405691
121054
202976
231819
121059
168731
122553
122804
139026
412857
408828
121261
123434
123199
119700
149722
369324
159236
119845
131885
121860
230992
139322
345431
121708
342829
289220
352430
116764
366511
123748
232997
410383
345259
247958
119517
449160
325648
109925
310636
329747
303149
283799
121274
389104
109662
122134
121932
338499
121882
119439
370255
136476
291697
288569
120353
425429
131897
354446
228075
226329
107234
331105
214651
320493
121987
444613
123249
118134
370072
122225
121237
263470
107706
115808
121859
116018
200853
117852
231627
143140
355603
127719
123639
128104
219189
123363
117325
358396
291582
372653
122505
122726
273654
430743
253820
384007
413373
122838
397287
336722
121314
121242
237268
284524
179280
118381
123383
269200
119514
361770
406439
109236
116678
158321
123019
135952
422585
121422
116797
121392
123263
191080
257786
302993
115897
428961
415880
274369
221801
239526
241839
316307
117087
178555
387431
172313
351469
123942
350525
117962
450749
122708
453614
422988
122881
306632
315084
240651
109814
299193
287787
116110
321922
170380
118280
121366
249977
275613
136238
122896
121671
358227
123553
117767
121105
121055
294730
429285
225222
122601
121308
230019
358942
168609
233999
132460
345932
268280
245571
122880
117867
176783
419626
220032
172387
128063
121738
131576
117933
367670
117937
123200
115901
373816
122686
121841
121367
264398
116159
321709
234221
433772
121189
117626
372279
170935
122037
443935
186160
134352
219417
120922
123022
342565
243270
406869
129617
122338
107800
143169
121656
116603
116025
227580
153761
274814
122463
116091
120771
121338
122327
110353
304676
137549
377064
121102
119336
121038
152193
118447
425180
368857
288691
430651
449078
116796
388440
121625
253282
114354
223600
276474
251118
128035
122905
246632
160400
117903
313081
329922
394724
121886
377227
129704
250382
121088
336437
428409
211026
123101
124531
120985
280394
122535
423421
322827
123881
197562
157675
170067
396989
269239
122539
117190
117931
434972
418991
290547
195276
119708
294813
122619
195135
204525
304854
283054
271310
116630
368415
116179
116792
123514
385255
121682
444524
118460
117431
122719
247571
144939
116883
121068
121080
433248
399828
123030
116857
203224
123357
119602
108749
118459
122005
121210
343518
291841
116693
239172
222569
227745
265044
115923
123008
326883
121285
121786
134138
115958
121760
116746
425686
198703
264498
318946
121250
127319
197533
202384
127221
122785
116901
250733
122760
370710
389877
310553
326942
301921
199076
119968
387326
116656
347884
121750
119846
205237
416694
215075
217169
313091
246367
122616
122982
236815
127482
366208
319116
121766
121989
117581
218269
232946
120551
280329
121307
116944
117473
338424
149588
118163
270659
128102
121246
161394
127198
109033
178941
318949
115728
350639
357140
147207
121334
277484
116403
203266
424946
135948
171953
119591
338460
327415
121914
116918
455668
213563
150038
117123
240495
122628
118297
122884
155425
452327
267445
122787
120953
403246
437831
231465
122557
120980
134027
409670
439251
385534
149327
374686
127995
378454
266431
242165
322872
121719
121768
298701
235373
257313
270959
121313
121844
281765
119366
288630
301263
392966
221637
146460
272508
121798
239100
121560
373168
362776
455604
119714
117315
121346
118329
368427
234722
416440
128092
122326
440481
122400
123587
299736
392351
231873
294396
116504
121947
123658
331256
314875
240326
122797
122476
127443
115951
187412
445402
122988
279960
121073
164346
446618
122781
270085
243199
118474
122229
379992
363887
127361
123686
122488
116151
215564
296911
184227
275940
451679
118056
356806
272476
437018
218274
426091
163292
247948
228533
121469
289871
279187
115785
330882
239937
279095
121976
121205
121792
261535
200434
186532
122079
209892
372110
121885
346929
169638
267525
326342
119874
122352
292190
131087
420187
205227
120502
251376
435854
359426
121022
122933
404178
121729
438287
122745
122692
137114
121172
454567
121107
425477
116778
121531
234656
222171
116921
303414
267493
117265
232736
184811
201301
246960
161842
286028
119755
117658
389139
103083
245028
115960
117771
216371
123671
207131
231522
253368
118961
122586
120168
122129
142585
352368
350178
131629
225737
311877
140243
319335
121390
327202
123059
116598
292078
167577
123473
121426
121737
121383
154533
117014
359083
446716
379209
452159
358407
215015
121196
125634
123300
121130
347037
140457
161149
123540
121175
121702
230262
117145
122728
354043
164432
143191
438697
122499
115133
121973
262015
248084
187843
121315
446672
321838
122066
285030
408526
222465
120956
121489
116608
222159
166541
122798
123158
209120
119588
123743
294633
130908
329940
274805
116784
119390
154545
353443
124857
123085
119741
411537
116388
188585
151975
169944
227155
122558
120119
439955
121104
120960
443104
421248
207668
110381
340416
119576
338942
123694
261580
123747
405159
118541
394924
119914
186600
391310
379175
187376
122713
128085
311476
114658
119389
116108
401928
121911
276470
233687
257707
121360
350316
157431
437527
346255
282134
246156
349425
123685
134741
110355
123210
121831
116820
123157
448746
301623
122932
251020
393997
115976
127697
116852
122101
174846
123304
449044
128049
121951
367677
438954
115961
419020
123079
439469
106777
121949
117328
195890
119646
145163
406408
122102
370890
374009
310861
440610
117693
306159
117781
422028
115690
346918
278084
119553
117949
302283
366036
119858
338760
115983
162716
121796
388529
121198
267859
443986
425318
397396
121709
279129
121005
116088
221850
262517
121607
303410
119255
183976
114491
311339
328542
122772
116043
448779
316055
264374
153286
118828
247397
318199
107304
215349
123711
121920
205009
243533
121199
122468
284581
121357
121667
346236
123411
116143
121169
145221
127203
274990
142594
122030
417987
115979
262509
139874
403468
286891
188767
443057
116933
118166
234301
127354
383373
191698
365184
122592
198002
116806
117930
127764
452644
271160
116780
246914
207808
121382
122893
121286
115702
121770
314653
346051
408693
127366
284407
401449
334021
256030
180704
360436
222169
119756
301721
450417
121810
281774
118012
115841
119680
295936
224281
233805
115898
122983
128031
139509
116063
225267
106904
350612
210224
119485
119570
192173
188787
423807
115800
372706
116889
248412
372064
130763
387242
407679
125589
122923
119903
118278
122793
110934
122617
119355
123600
123152
121568
235380
437621
304527
430268
242013
123003
364300
423025
210507
122074
363558
122931
127407
196549
121558
384190
117485
123114
121970
119671
252383
287048
449088
437336
408931
116566
169913
121910
122568
122517
117375
385948
390653
169342
339482
202482
121751
318519
218082
191136
101769
441321
119603
442759
271858
217957
127336
120209
166467
379662
440525
121215
122746
151399
279468
379949
437055
121855
142557
343991
123616
456144
387982
121074
310473
128022
269517
122788
322329
237841
276489
293549
372712
427218
380932
242489
293174
116518
282460
446299
424687
423987
455803
389181
115875
415067
121062
237644
450456
121587
123299
379101
366836
249622
120955
423990
301376
283212
122059
122051
439470
116903
161266
452610
211086
438380
198338
397143
229319
128529
127436
219783
129021
406500
107742
117444
121939
204069
135489
116340
170414
232850
125065
354459
148874
199824
419933
325993
119237
313917
212096
127287
446622
120943
415036
151578
301484
330810
451577
451120
388775
128300
200094
116812
443418
254252
160864
187533
246011
126493
121714
120007
318719
121160
276891
121979
119789
153715
402646
229024
220807
389031
119443
141478
125322
149498
424323
127268
302518
200265
412602
186854
424375
455495
127248
257835
303852
121988
203114
144340
123713
265655
269479
209843
116703
127188
264872
127216
355202
398677
379580
308747
428892
219886