796017
1027247
1008404
820325
773746
13283
360036
996738
654536
228647
143522
217738
840684
727973
217817
188785
877744
776643
154821
608105
1024962
403521
349191
742187
272224
741478
885205
743843
154048
918462
997888
916355
918680
999455
992283
325524
128680
104114
721781
827212
994850
953028
468467
805785
855418
679269
896878
50924
821042
1031058
803371
703068
592009
277246
972320
189661
797058
891054
948026
849008
411822
1022549
1029122
235858
131277
367034
939035
694903
811682
71195
707030
1007823
84203
1030564
1038637
947253
18700
828581
492741
724341
748018
691004
651121
765112
1031473
449621
865847
602480
160393
1021243
766330
1031393
1026919
1009279
357205
948497
714251
863002
411967
230778
1037727
703738
898928
956319
868523
716637
1031399
59224
185930
1031264
655710
110719
412996
77304
670413
723892
66721
1004341
749944
867629
557583
126218
719358
721802
122976
762115
905861
150746
140825
1035077
692671
819835
667197
5166
919416
944794
1003223
1036667
1031468
1038952
870952
919360
67399
912836
840584
604345
831638
1030430
357619
838515
995992
875882
191113
848671
787249
762754
819732
324316
1022924
62311
773790
412842
157538
842889
680787
783420
1002868
834551
209378
1027893
277820
919920
835562
556950
804267
502676
848945
819880
703270
779187
888087
871306
307362
262309
237181
947560
14730
68519
1026067
1031624
892526
893224
1040143
97855
1040358
108129
80913
883663
311549
656110
1023603
589035
796998
209715
558983
348917
139550
71328
431201
585944
153196
999022
907854
1038789
678891
223895
988186
700209
971063
418638
252173
810735
989193
65204
209707
395178
994801
174019
665535
656045
854578
1039284
107622
122154
921024
143822
779626
54093
196986
98718
1028229
1023317
753354
1023604
1024293
885343
814292
797029
914573
72653
907596
412270
644573
905778
201698
934272
1039055
723698
25754
1038791
173209
886753
169002
753147
390079
1036793
755326
1029719
1028382
1027603
550926
468468
1048073
911304
822816
948832
695807
734688
700220
1038683
767961
778315
667216
424405
471838
738803
169266
817867
919830
805986
919405
799162
490281
694373
144221
503427
998617
660263
168852
663413
1030626
537562
894542
921164
1027818
889153
934376
973242
13094
154839
151066
888
913218
669356
886880
129669
700706
591133
905740
1023311
205409
715548
1009424
972876
719081
628225
970680
722113
867090
227821
964509
1053839
1030913
1027571
810559
919860
817467
328423
724998
602413
209583
739660
911999
994121
912017
597121
1036635
708224
15193
669485
723699
138576
704846
12852
209930
1050863
137345
701562
1053896
495321
7561
411981
1009317
921031
103513
645348
71120
973199
498161
755093
488013
628988
944524
828566
452207
726339
14861
1027605
803362
905694
790104
362224
360236
1038610
1008557
799581
1021478
1025640
682032
838549
339221
940895
660416
