1733896
2190145
2426537
1571907
1226722
2460990
1298850
2437098
2491421
2531044
2088054
1414902
1534504
1671271
1414043
1357207
2348783
2315576
1735896
2482425
2215464
2521730
1670165
1565771
2573986
2546054
1380744
1993858
1976379
1085542
1587915
2450443
1381427
2399458
2497994
1701805
1992011
2030257
2546686
2474392
2508108
1538211
1207123
1050918
1445411
2480896
1535636
1744588
1448480
1211681
2127658
1218833
2011921
2429836
1684341
1391259
1835164
1975969
2334560
1210667
1177106
1015175
2338707
1440012
1976747
1047213
1958506
2146071
2498064
1343198
1961772
1498772
1905886
1379496
1162272
1070445
2553063
1602978
1866151
1709331
1602965
1938037
2252499
1868849
2467183
2059413
1988222
1465217
1999395
2480616
2112430
2421987
1662953
1441901
1473084
1824637
1715320
2464995
1425904
2504974
1275447
1330664
2463180
1364737
2486218
2267300
2333896
1484036
2437534
1863055
2340832
2154026
1229055
2343025
1724839
1856750
2003398
1950581
1798698
1090236
1068444
2136453
1457093
2004204
1595322
2458961
2366833
2561418
2440241
2397598
2517108
1972150
2233771
1082191
2074746
2458980
1498133
1692628
1662379
2533664
2398051
1353472
1083957
2119413
2031628
2528640
1212578
2506582
1661936
1250093
1993410
1032560
1667627
2238094
1853139
2444450
1947234
2006299
1444441
1968464
1573520
2151627
2224377
2468388
2046709
1670772
2554090
1518281
1433365
1874706
2413467
1347113
1480829
2231585
1477694
1479520
2155651
1718325
2456871
1963464
2356196
1638147
2267500
1401409
1446290
1347471
2560581
1632498
2300981
2480514
1187187
1341520
1969239
1764829
1702462
1933228
1649007
1448150
1657096
2153373
2414688
1631404
2045677
1073830
2004902
1826634
1424271
2328965
1608268
1315578
1631770
1788658
1543675
1861539
2536540
1698110
1033917
1407092
2098129
2552794
1469708
2278426
1853847
2558021
1275973
2493570
1037476
1540952
1310961
1711500
1698675
2436808
2157883
1475149
1203059
2558155
1714771
2099604
2576024
1383359
2202521
2155148
1222011
1088984
2559858
2510827
1110413
1605218
1244520
1839026
1980875
2578241
2494735
1986132
2316793
1301135
1643269
1303405
2398909
1030422
2291374
2058418
2532675
1187446
1617757
2367212
1119534
1157889
2465764
1374864
1983746
1656552
1861996
2539093
1373339
1423865
1480601
2548884
1614223
1407998
1693105
1682461
2380766
1716821
2529446
2090992
2080910
1362971
2532184
2458539
1066725
1385675
1844792
2456924
1055123
2058363
1573280
1839768
1270511
1647166
2536101
1667599
2564732
1638125
1382883
1289824
2536619
1198955
2335664
2331571
1707121
1179256
2158576
1295576
2422105
2450455
1501739
2276569
1265933
2431443
1612276
2304150
1448226
1532905
2518234
2176684
1648330
2349153
1790428
1193223
1526477
1218244
2237071
1439139
2541265
1052220
1152085
1650166
1694861
2470770
2480072
1416729
2482386
2025073
2576923
1256344
1804698
2567123
1280688
2119405
1989724
1325652
1520387
1442175
2530465
2318077
2155528
1250339
2558419
2089054
2487451
2545673
1554742
1755432
2486520
1386077
1725157
1885785
1669177
1478520
1320649
2401056
1607664
2576912
2503089
1596833
1348273
2507246
1971151
1207694
1242808
1766642
1636392
1562104
1623065
2441107
1429717
2528425
1703700
1228394
2085968
2051823
1003029
2173459
1451511
2158192
1188614
2010805
1991222
1833100
1808645
1446307
1320100
2439671
1980133
1547635
2105084
2446624
1829642
1698534
2401054
2443744
1407439
2172641
1715844
1741246
1834521
1473632
2466123
1855442
1695404
1627675
1046524
1966902
1764331
1667423
2534040
1326568
1419381
1710801
1208247
2554872
2158298
1266224
1033137
1977184
2465826
1570881
1439137
1761377
1829253
1513406
2151530
1674886
1480451
1238291
1111629
1988110
1454847
1761246
1965467
1335581
1469350
1541837
1009496
1790320
1180734
1060343
1237206
1320875
2297137
2003869
1494932
2432743
2331416
2399428
1181351
2256307
1454516
2523366
1409794
1043434
1642222
1532904
1501419
1061081
1746476
2158680
1061241
1578928
2002493
2419186
1207447
2495734
1022455
2397663
2117079
2566224
2416239
1567304
2482023
1058591
2520682
2555811
1151891
1414912
2367107
1233020
1233114
1661831
2579410
1554539
1533219
1882283
2386408
2203446
1461989
2507841
1077195
1344309
2558355
2554313
2174248
1273493
1681288
1442139
2058342
1793379
2036298
2523281
2575143
1787200
1013083
1591194
2295750
2542423
2089784
1681496
2499302
1030726
1595824
2484005
1000310
2092358
1245309
2523134
2554889
1330530
1204428
1579217
2000181
1814198
1896480
2128916
2161149
2540117
1934544
1628073
1637825
1222455
1318352
2498719
1958149
1590679
2323904
2527019
1755917
2323905
1317768
2350319
1193066
1505898
1809243
2422599
2425021
1344304
2427158
1523762
1853449
1804838
2065333
2455599
1157584
2349927
1621606
1808655
1309912
2179253
1415223
1098478
1098761
1579772
1985830
2577764
2387082
1829012
2560089
1800776
2438843
1212523
2519485
1651621
1976648
2242332
1729592
1955865
1195160
1626867
1619733
1604554
2489198
1540325
1522980
1269156
1828620
2007272
1729515
2260523
1820846
1710571
1768592
1327436
2561105
2575313
1863900
1587646
2101818
2481955
1797705
2068836
2511348
2381631
2553702
1873927
2575575
2394724
1993533
1642254
2033428
1826601
2493448
1335111
1399267
1627255
1634105
2009102
2527204
1817290
2061608
2561371
1204063
1168672
2555403
1762191
2578674
1046807
2243381
2465126
2561280
1976668
2396273
2001477
2061599
2510070
2042133
1713587
1063590
1963203
2428087
1353857
1923206
1632529
1703885
1646121
2313390
2159557
1040612
2432470
1562805
1472466
1244377
1140825
2238449
1446398
2409485
1356333
1603102
1511609
2456621
2528283
2328987
1482617
1042321
2161320
1357798
2544696
2377465
2351259
1276669
1112388
2006393
1828683
1795187
2471194
1085522
1089628
2522652
2576728
1461189
1042096
1032353
2103767
1826185
1627549
2485983
1316519
1047798
1387498
1999108
1978856
1084428
2051735
2269745
2045871
2154820
1718796
1811577
2413137
1595869
1218421
1491212
2147531
1110161
2543190
1655920
2209758
1835250
1434461
1875628
2102170
1341654
1631271
2564481
1310419
1195571
2232049
2401980
1347078
2423677
1547728
1760183
1342876
1347710
1772760
1643761
2249999
1804329
2569039
1851721
2486392
1503721
1546055
1903422
2473252
1725280
2407600
1550952
1560502
1643242
2514403
1727856
2481153
2416346
2342150
2379269
1231393
1165949
1710380
1322563
2421526
2174114
1536348
1989675
1393444
1440695
2034428
1943512
1987061
1074224
1885094
2379717
1277270
2075696
1264050
1435671
1057189
1934130
1554865
1205357
1872600
1321434
1098161
1687391
1974816
1205223
2308809
1431750
1002199
1403338
1091253
2453122
2372771
1366040
1856399
1094385
2436696
1053652
1782412
1296011
2258152
2048917
1150682
1768986
1654703
2047427
2504196
2383304
1847461
1074824
1415076
1461377
2454092
2427047
1838211
1455126
2125245
1680631
1034364
1695267
1472279
1043560
1633783
2081218
2295389
1626719
1551941
1602891
1033551
1783294
1231821
2252426
1772767
2556074
1804175
1775514
2221880
1276300
2155689
2544264
1353388
1585397
2337363
1686558
1625820
2427274
1571909
2510691
2000060
1207906
2490737
2089484
1089671
2538248
1819330
1390611
2345816
2075833
1571655
1040105
2214253
1234374
2445173
1562062
2578719
2317087
1359001
2009387
1374418
1221867
1449461
1091961
1605499
2443172
1810348
1847385
1490342
1194217
1593571
1555683
1865195
1525143
2135218
1623414
2046263
2398659
2041000
1560234
1911455
1864663
2303004
2137702
2497230
2359465
2452942
2428690
1529261
2342996
2558129
1585212
1346759
1557027
2309751
1017551
1656611
1546797
2511606
2442608
2519640
1822593
2082014
2042359
2091467
2515845
1508907
2517183
1351838
2490408
1501972
1999625
2357699
2320217
1576192
1472889
1884822
2329002
2316852
1056371
1449095
1541269
1624946
1630422
1053696
1704352
1580228
1233199
1871445
1362562
1405487
1710516
1789457
2400174
1788883
2467584
1788555
1554224
2154093
1661655
1018718
2444458
2462368
1978313
2540778
2152621
1668819
2490572
1386516
1505747
1935003
2296537
2454204
2443101
1067179
1521863
2472351
2492377
1544242
1022929
2574194
2448943
2570106
2444430
1943725
1988714
2452017
2077406
1432162
1545093
1490910
1656491
1022205
1262845
1202764
1499982
1854847
1790510
1822765
1076317
1709335
1065494
2045462
1395639
1055599
2499740
2172441
1417593
1460510
1601386
2050510
1447859
2437704
1197436
1583886
1277371
1842233
2520549
1259680
1819438
2318232
2489727
2326063
1470976
2148966
2050242
2519835
2426352
1419553
2444825
1094547
1987895
1612538
2557243
1592260
2504566
2000099
1553524
1951838
1456744
1509938
1629226
1411410
2469128
1516051
1759222
1362040
2355037
2562166
1563019
1070245
2374858
1253631
1449968
2484992
2421609
2424847
1667641
2494337
1047501
1457984
2487220
2531680
2472204
1611971
2254014
1535113
1731433
2457995
1039250
2075405
1615330
1144404
1005075
1339784
1425079
1524324
1105432
1181595
2156305
2417341
1352319
2537934
1935484
1471705
2527838
1447999
2073099
1548818
1327000
1797683
1697129
1500030
1438727
2463516
2397651
2088040
1396520
1345984
1545274
1216882
1652775
1278137
2487894
2548465
2406913
1359608
1229472
1835883
1890368
1696887
2157577
2478158
2254405
1361708
2547810
1452344
1335699
2530406
1390827
2452843
1604389
2540719
1533290
2045084
2435554
1808757
1583422
1440728
2456302
1392469
1644480
1093533
1616356
2481405
1472533
2296744
2379228
1203283
1008067
2045456
2194344
2484985
1850695
1700701
2497570
2562972
2073150
1192939
2499641
1549703
1411957
2211877
1499114
2442098
1380953
1537589
1319766
1347587
1292217
2220182
1799911
1625939
2533280
1042904
1972358
2552455
2113135
1450615
2585929
1587764
2147834
1855673
1968236
1001172
1698402
1492444
2522271
2428677
1451812
1990309
1606150
1720659
1810261
2009513
1768117
1086826
2421158
2336236
1827732
1408031
1103852
1399831
1721149
1166294
1249343
2114156
2030421
1019832
2370868
2518341
2505854
1107022
1365171
1451630
1010970
1984198
1194908
2382382
1755859
1706669
1745295
2147143
1289647
1110317
2392651
1656439
1576424
2120679
2428734
1521041
2364011
2566061
1423075
1872045
1450324
1186574
1073596
2215928
1793969
1491921
1050851
1168150
1270172
1596865
1123186
2058661
2099734
2313320
2141812
1999783
2164012
1990885
2041224
2564500
2002564
1662932
1925331
1674281
2030476
1027338
1217643
2459629
2399651
1005024
1000955
1298639
2473345
1863343
1060544
1057564
1790201
1706039
1028719
2518155
2205893
2513680
1127372
1135242
1827655
1747368
2466795
2453829
1382921
1445475
1697314
2127757
1694290
2308388
1411207
2515341
1433686
1532850
1322548
1216324
1217521
2465037
1217059
2469603
1769032
1348272
2253121
1073715
2300521
2446446
1005209
1017177
2561370
1200393
1229856
1700538
1262613
1807683
1732359
1924636
1969409
1221015
1527757
1218098
1872797
2051397
1273801
1708841
2366170
2577943
2444895
1996090
2282883
1405753
2542106
1653150
2010249
2234021
1334922
2271334
1583832
1063524
1983701
1549159
2139744
1086274
1521680
1392358
1387598
2543136
1354512
1799367
2485914
2211426
2424683
1986899
1225625
1667309
1944597
1416430
1758893
2359219
1440769
2052593
2266175
2526919
1026606
2398202
1995735
1792813
1968288
1475116
1784963
2241821
2403852
2559050
1376004
1665359
1316833
2432747
1101470
2152208
1592378
1867882
1533799
1363965
1845439
2415797
1226633
2484561
2207194
2245640
2531296
1033420
1061517
2519361
2416681
2343501
1460460
2452587
1472145
1706672
1521660
1840903
2089303
1783244
2492909
1125158
1680575
2458930
1366986
1419122
1806544
2544769
1971287
1273317
1199526
1994085
1453374
1291058
1470016
2207056
2024666
1436144
2310399
1393111
2558689
2027714
1204258
1940301
2030207
1699092
1606833
1542508
2550257
1543948
1582732
2034993
2482278
1884609
1026272
1089711
1907807
1648257
2207252
1914128
2410202
1878350
2483702
2157582
1196960
1207418
1761573
1312885
2545874
1273068
1146468
2096686
2493345
2519986
1753758
1212586
1417009
1702609
2571504
2018661
2547930
2555243
1639334
1646373
2162894
1642706
1668472
1345845
2152389
2468826
1866666
1001478
1104346
1749018
1865793
2107572
2499227
1788097
2531328
1834030
1092362
2486410
1123497
1382002
1816503
2421728
1793421
1766406
1058254
1385726
1784744
1631099
2564635
1517710
1049013
2237397
1162174
1953128
2274909
1283644
2097401
1175309
1053456
2404650
1586651
1042867
2502297
1337305
2121711
2254147
2158318
2419958
2110848
1989277
1840759
2272644
1301620
1802927
1836405
2554478
1601945
1337553
2506704
2075941
1834010
1023606
2122466
1229056
1199519
1702063
2003453
2426799
1744437
2521392
2236268
1868947
2461500
1961188
1695438
1410906
1500142
1515383
1644914
1117278
2411153
1029707
1716249
2137363
1557057
2038832
2215115
1259321
2252794
2537784
1747866
1399149
2435470
2345182
2518104
2078129
2457705
1975439
1063629
1827703
1208752
1514112
1508800
1085106
2281028
1978859
1824847
2291156
1640281
2482446
2456101
1508406
1435219
2160521
1503665
2541385
1707079
2559370
1681823
1777802
1773319
2173012
2151646
1700818
1856579
2469956
1795143
2480178
1552257
1062945
1541049
2040706
2471167
2484618
2460821
2546879
1676442
1362400
2081349
2084840
2241397
1503824
1541023
1212763
1050790
1448766
1763056
1263822
1398171
1764986
2519662
1761796
1241742
1352244
1528782
1601143
1910756
1649105
1706135
2447669
1020626
2139046
2076433
1352410
1774415
1202499
2471596
1790712
1356694
2488788
1402955
1870620
1934019
1878942
1887502
2448520
2160387
2554050
2466037
2546675
2452191
1476863
2127430
1719399
1984242
2561099
1128943
1319983
2540571
1719100
2480447
2314461
1690400
1137343
1206334
2012704
2268151
1372024
1191396
1469094
1698992
1657963
1078343
1831004
1870349
2462975
1229351
2023039
2236313
1798769
2430669
2049025
1734443
1389483
2310261
1060148
2438827
1827148
2430546
1867321
1547202
2062643
1863652
1821066
1510856
1279944
1636690
1230590
2525420
2424692
1510393
2364175
1833296
1359621
2432704
1639969
1680153
2109450
1404905
1789849
2491656
2358698
2554971
2403087
2427619
